([9, 100, 10, 1], [array([[ 5.39073941e-01, -1.22437655e-01,  2.89020675e-01,
        -5.84419690e-01, -4.29170000e-01, -2.07407924e-01,
         2.10677910e+00,  9.55372199e-01, -5.27991846e-01],
       [ 5.54066833e-01, -4.79372845e-01, -4.74637749e-01,
         6.94806451e-01, -5.92701304e-01, -1.70735752e+00,
        -9.38740084e-01,  1.01342469e-01,  1.27243613e-01],
       [ 1.24960874e+00, -7.24397668e-01,  7.03201906e-01,
         4.60119330e-01, -2.77986459e-02,  8.27715503e-01,
         5.17927150e-01, -8.49000002e-01,  1.05999520e+00],
       [-1.14849492e+00, -3.58922093e-02,  6.15166814e-02,
         6.82773914e-01, -5.85426616e-01,  1.10601681e-02,
         2.80660223e-03,  1.03340166e+00, -9.15545202e-01],
       [ 4.63504789e-02, -3.02258979e-01, -1.26749284e+00,
         2.66961824e+00, -2.31912160e-01, -1.57226542e+00,
         1.37333471e+00, -1.06870313e+00,  4.10078931e-01],
       [ 8.85764410e-01, -6.88053176e-01, -3.49724196e-01,
        -4.40355351e-01, -1.11526011e-01, -1.62106574e+00,
        -1.24016671e+00, -7.84406944e-02,  1.06251825e+00],
       [ 6.29402304e-01,  1.71174202e+00,  3.50452224e-01,
        -5.11739196e-01, -1.80326170e-01, -2.04825581e+00,
        -1.15901614e+00, -9.85542057e-01,  2.55124110e-01],
       [ 6.88805382e-01, -5.53583327e-01, -4.59341866e-01,
        -1.49215335e+00, -1.25252365e-02,  2.15758467e-01,
         3.28769296e-01, -8.57769542e-01,  2.03381536e+00],
       [ 1.30907832e+00, -2.52397126e-02, -9.91421856e-01,
        -5.46567833e-01,  4.39755529e-02, -9.25351001e-02,
         5.37930969e-02,  7.19322468e-01,  1.49719211e+00],
       [ 1.28592686e+00, -6.96731630e-02,  1.28806826e-01,
        -2.44974834e-01, -3.78939325e-01,  2.24045454e+00,
        -4.82661169e-01,  1.96131291e+00, -1.78632345e-01],
       [ 1.78155130e-01,  1.06660191e+00, -1.71954628e-01,
         2.57260750e-01, -4.52578605e-01, -7.22818382e-01,
        -4.50869483e-01, -6.38718362e-01,  1.55727965e+00],
       [-1.17202301e-01,  1.85320894e+00, -2.74164995e+00,
         3.76187060e-01,  3.15993603e-01,  5.25826286e-02,
         1.39462596e+00,  5.42745060e-01, -2.06549219e-01],
       [ 6.90991299e-01,  2.88671815e+00,  4.59672171e-01,
         7.12404692e-01, -7.60849197e-01,  1.68042674e-01,
        -1.23148875e+00, -1.80850736e-01,  2.65979657e+00],
       [ 1.06704560e+00,  6.41448504e-01,  1.10499312e+00,
         1.88072645e+00,  5.93790177e-01,  2.07099636e+00,
         1.06770398e+00,  1.66187511e-01,  1.72021988e+00],
       [-2.32230371e+00, -5.79699020e-01,  4.30161008e-01,
        -8.53521925e-01, -1.76940879e-02, -6.18865501e-01,
        -5.19646430e-01,  2.82609460e+00,  7.19248455e-01],
       [-8.30486710e-02,  1.34405931e+00, -4.33122352e-01,
         7.58256348e-01,  3.64513509e-01,  1.62800290e+00,
        -1.42070316e+00,  7.88209628e-01,  9.56595443e-02],
       [-1.04518511e+00,  1.00264946e+00, -1.18189349e+00,
         1.78824566e+00,  4.06963357e-01,  6.13063191e-01,
         2.67285151e-01,  1.14129472e+00, -1.67902087e+00],
       [ 5.90144064e-02, -6.29431087e-01,  1.38905271e-01,
        -8.42316827e-02,  5.58252713e-01, -9.37026344e-01,
         1.78483406e+00,  2.36425108e+00, -2.42444094e-01],
       [-2.02334323e-03,  3.10031148e-01,  1.57711021e+00,
         1.96513793e+00, -1.13496281e+00, -6.41835796e-01,
        -6.58732513e-01, -1.14738955e+00, -1.62406857e+00],
       [ 3.41768999e-01, -1.13354848e+00,  1.23277686e+00,
         5.25711964e-01, -1.27045043e+00, -9.26965047e-01,
        -7.56281099e-01,  1.51126260e+00, -8.86825391e-01],
       [-1.48863298e+00, -3.83381226e-02,  1.52195465e-01,
        -7.97927455e-01,  1.62634497e+00,  2.57393247e-01,
         3.93758712e-01, -7.86520459e-01, -4.13414506e-02],
       [-1.68511474e-01, -2.26897072e+00,  8.59096590e-02,
        -1.86702684e+00, -9.60232157e-02, -1.52884173e+00,
         1.89011628e+00,  3.30285660e-01,  8.65267758e-01],
       [ 8.54900121e-01, -1.45971457e+00, -2.11201112e+00,
        -3.27689254e-01,  9.25753734e-01, -1.26597426e-01,
         8.42245702e-01,  1.02061715e+00, -1.64050114e+00],
       [ 2.73001545e-01,  1.94568424e+00, -6.20232008e-01,
        -2.03352021e+00, -2.49045316e-01, -5.74913005e-01,
         3.21995663e-01, -8.63781338e-01,  4.71291779e-02],
       [-2.24162995e+00,  8.55241159e-01,  1.28609963e+00,
         1.27410357e+00, -1.54493009e+00,  2.57324936e-01,
        -3.10721729e+00,  1.98251834e-01, -1.38771762e-01],
       [-1.00622404e+00,  3.14584782e-01,  2.19871333e-02,
         8.78084267e-01,  9.20206085e-02,  1.96348116e-01,
        -2.02197977e+00, -1.09259282e+00, -4.97207487e-01],
       [ 2.10497837e-01,  4.70681062e-02,  1.44054906e+00,
        -1.19381269e+00, -2.12365917e-01,  3.96456170e-01,
        -2.96123414e-01,  3.96907474e-01, -5.59099546e-01],
       [ 1.41896374e+00, -3.25967211e-01,  1.15625333e+00,
         3.88495952e-02,  1.53544906e+00, -1.30550661e+00,
         5.22795072e-01, -4.31023770e-01,  2.24650223e-01],
       [ 1.16257179e+00, -1.18597819e+00, -1.29157629e+00,
        -9.99400683e-01,  2.46933941e-01, -1.90738316e+00,
        -1.63995326e-01, -1.30672911e+00, -1.13161030e+00],
       [-3.67899536e-01,  3.79194821e-01, -6.34390190e-01,
        -4.89899218e-01, -4.71839952e-02, -2.73806032e-01,
        -2.67830048e+00, -4.23506060e-01,  8.16758842e-02],
       [ 9.92902526e-01,  2.07143419e+00,  9.01285135e-01,
         2.15591571e-01, -1.19726794e+00,  1.42023868e-01,
         6.96269097e-01,  1.23822067e+00, -8.67876206e-01],
       [ 2.29705936e-01,  8.60827878e-01,  1.74758114e+00,
         1.34748116e-02, -7.48488548e-01, -7.46789920e-01,
        -4.23858505e-01, -6.11643053e-01,  8.56350332e-01],
       [ 1.12129478e+00,  7.68911344e-01,  1.17450179e+00,
        -6.19954666e-01,  3.06863624e-01, -5.08267315e-01,
        -4.38265395e-02,  1.21069374e+00, -7.80524316e-03],
       [-1.89322094e+00, -2.52454629e-01, -7.61776259e-01,
        -1.68099305e+00, -9.25951010e-01,  8.84840019e-01,
         1.57987205e+00, -3.73084478e-01,  9.26342147e-01],
       [ 1.24939844e+00, -1.22105142e+00,  5.69002448e-02,
        -1.35134919e-01, -1.40196281e-01, -1.62170853e+00,
        -3.39543556e-01,  1.25077156e+00,  1.29330948e+00],
       [ 1.85791530e+00, -2.29914254e-01,  1.68497872e+00,
         4.89463345e-01, -1.70051100e+00,  7.33754148e-01,
        -3.52592987e-02,  5.72277106e-01, -2.85164959e-02],
       [ 1.21005842e+00,  2.65007375e-01, -2.33849489e-01,
         9.57894219e-01,  1.89272685e-01, -4.82448671e-01,
         1.27742621e+00, -4.37194710e-01, -6.24134135e-01],
       [-5.74601301e-01, -1.70245593e+00, -2.32869505e-02,
         2.26749928e+00, -1.02748697e+00, -2.68408166e-01,
        -8.95349749e-01, -5.32541950e-01,  1.28959132e+00],
       [ 8.56582237e-01, -5.52772936e-01, -2.54938854e-01,
        -1.02946481e+00, -8.16621371e-01, -9.16334530e-01,
        -9.11769782e-01,  3.40476922e-01,  5.69038403e-01],
       [ 4.32471988e-01, -2.19230220e-01, -1.15658677e+00,
        -3.49834726e-01, -9.69536486e-01,  1.08175850e+00,
         7.98252006e-01,  8.31466741e-01, -4.23738151e-01],
       [-1.72044305e+00,  9.26337775e-01,  1.10565505e+00,
        -1.27683377e+00, -4.60931806e-03,  1.26232502e+00,
        -1.31647398e+00,  1.85943033e+00, -3.66029124e-01],
       [-1.05996261e+00,  1.42815340e+00, -3.49742160e-02,
        -6.38969441e-01,  7.95921792e-01, -1.91347449e+00,
         1.85576629e+00, -8.18591066e-01,  2.83926003e-01],
       [-4.58386476e-01,  4.48419620e-01,  8.77228349e-01,
        -9.97013903e-01,  7.41419273e-01, -1.46885522e-01,
        -6.01378812e-01, -1.66211551e-01, -1.06814980e+00],
       [-8.57029328e-01,  1.07557766e+00, -4.10503071e-01,
         9.81618599e-01,  7.61623775e-02, -1.02095660e+00,
        -1.87394279e+00, -8.07196068e-01,  2.66082761e-01],
       [ 6.22287202e-03, -8.13389455e-01,  9.82540196e-01,
        -1.85084275e+00, -1.36854641e+00,  6.11193192e-02,
         2.13356073e+00,  4.03266971e-01, -9.90931349e-01],
       [ 5.87384978e-01,  6.43656531e-01,  3.89263244e-01,
        -5.38640222e-01, -8.80008477e-01, -6.53412181e-02,
        -7.70111765e-02,  1.66473228e+00,  2.12523033e+00],
       [-4.97951522e-01, -4.75097310e-01, -3.39618709e-01,
        -3.04511148e-01,  3.13747521e-01,  8.78215792e-01,
         8.39709670e-01,  1.64834055e+00, -2.29620592e-01],
       [-1.09727428e+00, -1.61515540e+00, -9.93834288e-01,
        -1.08414888e+00, -1.87260967e+00,  5.58112717e-01,
        -1.84207766e-01, -4.27016701e-01, -9.34319519e-01],
       [-1.56145000e+00, -9.02714431e-01,  1.84268512e+00,
        -2.17057068e+00,  3.06340033e-01,  8.12965017e-01,
         3.79481542e-01, -2.26351474e-01,  8.08922875e-01],
       [-1.03298970e+00,  5.70839112e-01,  1.37826426e+00,
        -1.13139790e+00, -1.14778493e+00, -2.57598337e-01,
         9.55460463e-01,  1.35668704e+00,  6.45880836e-01],
       [-4.99662722e-01, -1.03615169e+00,  3.15004757e-01,
         6.83988874e-01, -1.06795835e+00,  4.28961418e-01,
         9.49391930e-01,  1.30753141e+00, -7.00146954e-01],
       [ 5.16822745e-01, -1.13316014e+00, -4.06325999e-01,
         7.74514005e-02,  1.54161124e+00,  3.32439439e+00,
         3.18974847e-01,  4.62817865e-01,  1.03156545e+00],
       [-1.32021844e+00,  7.43734815e-01, -1.12270820e+00,
         1.77855507e+00,  1.45189065e+00,  6.18194322e-01,
        -7.20446920e-01,  1.65704209e+00,  2.68544495e-01],
       [ 1.03565129e-01,  6.19622061e-01, -1.75436612e+00,
         3.82109212e-01,  8.91772077e-01,  5.03963447e-01,
         4.23279594e-01, -9.35100375e-01,  6.47736831e-01],
       [ 2.65819265e-02, -3.54018383e-03, -1.30185759e+00,
         7.30097755e-01,  1.39067749e+00,  3.63797104e-01,
         7.64277041e-01,  1.06371443e+00,  1.64661445e+00],
       [ 1.32403794e-01, -2.79030046e-01, -2.85847460e-01,
         2.80341568e-01,  5.10828339e-01,  8.30919386e-01,
        -7.92415908e-01,  2.38036824e-02, -1.14646455e+00],
       [ 1.20016078e+00, -3.46233854e-01,  4.18330659e-01,
        -1.18106425e+00, -5.06872237e-01, -8.42961423e-01,
         1.45791531e+00,  3.41502483e-01, -1.89052972e-01],
       [-1.03985161e+00, -7.42348835e-01,  2.83888498e-01,
         1.65473929e+00, -1.38060425e+00, -7.92322401e-01,
        -3.97084138e-01, -7.72934991e-01, -1.87660380e+00],
       [ 4.51305269e-02,  7.82384243e-01, -1.61162068e+00,
         1.03517238e-01,  8.62183583e-01,  1.05391333e+00,
        -1.78380120e-01,  2.40373813e+00,  6.32850706e-01],
       [-7.03230108e-01,  9.42473559e-01, -9.90224664e-01,
         1.24835514e+00, -1.18733318e+00,  7.33096465e-01,
        -2.19630207e-01,  1.17996534e+00,  7.63564188e-01],
       [ 5.30251469e-01,  1.49662567e-01,  5.99625737e-01,
        -1.91071113e+00,  1.90464519e-01,  1.71983134e-01,
         2.24830905e-01,  7.88098760e-01,  3.87268167e+00],
       [ 1.06231288e-01,  7.69695110e-01,  3.13408732e-01,
         1.61471681e+00, -1.96075525e+00,  1.67878048e+00,
        -5.48647058e-01, -2.30327606e+00, -1.12869157e+00],
       [-1.69523342e-01,  2.32655922e-01, -7.93142566e-02,
         8.11836540e-01, -1.24258867e-02, -2.54372117e-01,
        -2.09398886e+00,  4.45143331e-01,  1.02003768e+00],
       [-4.35628540e-01, -1.96558913e+00, -1.19781226e+00,
         1.59041008e+00, -5.13341530e-01, -6.92165920e-01,
        -8.70301038e-01,  7.23094433e-01, -5.73349984e-01],
       [-1.00635772e+00, -1.71182018e+00, -2.56122888e-02,
         1.06289719e+00, -9.08115522e-02,  5.59568913e-01,
        -2.86028863e-01, -2.78005055e-02,  3.49816108e-02],
       [-2.51121221e-03,  9.75645087e-01,  5.79487064e-01,
        -6.47012930e-01,  3.20959458e-01,  1.18039069e-01,
         4.53091986e-01,  2.16649387e-01,  3.96687846e-01],
       [-1.48903676e+00,  4.51490183e-01,  1.32517361e+00,
        -1.34775602e+00,  1.55206601e+00,  4.39747445e-01,
         9.12939329e-02, -1.81264538e+00,  1.02653204e+00],
       [-1.07812049e+00, -5.28215953e-01,  3.44688868e-01,
        -1.19227364e+00, -1.00046649e+00, -1.30971481e+00,
        -2.82156282e-01,  4.09055563e-01,  2.36323696e-01],
       [ 4.94324446e-01, -2.96831149e-01,  1.41267118e-01,
        -4.81177372e-01,  2.03189120e+00,  6.06711381e-01,
        -1.75775094e+00, -1.12184967e+00,  1.66532331e+00],
       [-1.41844161e+00, -5.49268373e-01,  1.54342982e-01,
        -1.10446976e+00,  1.04042794e+00,  1.42710111e+00,
        -1.10115631e+00,  1.10836009e+00, -1.03922430e+00],
       [-1.03480674e+00,  2.99121301e-01, -1.38294815e-01,
        -7.58777966e-01,  5.30350118e-01, -1.51639724e+00,
        -9.19001968e-01, -1.09050029e+00,  6.22914671e-01],
       [ 8.50271303e-01,  6.62527223e-01, -1.29636020e+00,
         5.03408609e-02,  4.61327982e-01, -1.58950341e+00,
        -7.90133889e-01,  7.03233122e-01,  7.03739943e-01],
       [ 1.28751856e-01,  5.52513220e-01, -1.58569468e-01,
         2.43075199e-01, -4.06761772e-01, -1.14503906e+00,
        -7.22394914e-01, -5.95549080e-01,  2.16716545e+00],
       [ 1.46614765e-01, -3.93355955e-02, -2.31452818e-01,
         2.02429954e-01, -4.30165059e-01,  6.42317550e-01,
        -2.36591025e-01,  7.81822336e-01, -7.72335702e-01],
       [ 3.33665670e-01,  8.52194367e-01, -1.15266622e+00,
         1.74720123e-01,  1.35271570e-01, -4.37911294e-01,
        -5.68162552e-01, -1.82981005e+00,  1.12728470e+00],
       [-1.01251449e+00, -1.39394629e+00,  9.91698550e-01,
        -1.77866455e+00,  1.00463278e+00,  2.31410975e-01,
        -1.59444349e-02, -2.77540336e-01, -1.30713064e+00],
       [-1.82356323e+00,  1.48086772e+00, -4.94106798e-01,
        -5.76880493e-01,  1.69530227e+00, -6.27561382e-01,
        -8.35988001e-02, -2.04015420e-01,  1.42508206e-02],
       [-1.01907220e+00, -5.25337370e-01,  1.15362069e+00,
         6.76473372e-01, -3.01542405e+00, -2.00000581e+00,
         3.71302637e-01, -9.02922794e-02, -3.58497906e-01],
       [ 9.94117583e-01, -1.84195010e+00,  1.24348576e+00,
         1.30172784e-01,  4.96830105e-01,  2.51836294e-02,
         5.81336409e-01, -2.09958000e-01, -6.07324350e-01],
       [ 8.47107324e-01,  8.54949888e-02, -1.43585063e+00,
         1.61583451e+00,  1.17736608e+00,  1.41217995e+00,
         2.43003708e-01,  4.54567770e-01, -3.18367223e-01],
       [-9.76434816e-01,  2.81254673e-02,  2.93289638e-01,
        -7.00535000e-01,  1.67820722e+00, -1.73097690e+00,
        -8.66396200e-01, -6.94789828e-01,  1.32589522e+00],
       [-2.86550217e-01, -3.81043192e-01, -7.99182979e-01,
        -5.77846752e-01, -1.09156820e+00,  1.33605207e+00,
         9.82187045e-01,  1.01598383e+00, -7.95317170e-01],
       [ 2.62918316e+00, -1.01588054e+00, -1.85096034e+00,
        -1.18808894e-01,  4.86856954e-01,  7.33679826e-01,
        -7.20028938e-01,  8.14009043e-01,  1.89233623e+00],
       [-8.58386426e-01, -6.95475724e-01, -1.80978865e+00,
         1.66801988e-01,  6.89701270e-01,  7.86356834e-01,
         9.30449751e-01,  1.37871083e+00,  1.16591899e-01],
       [ 1.13997627e+00, -8.97231000e-01, -5.67637958e-01,
        -1.72368649e-01, -5.64433407e-01,  7.35780803e-01,
         1.83012264e+00,  4.35870679e-01, -7.51057831e-01],
       [-9.38963554e-01,  1.20833223e+00, -9.85559258e-01,
         7.26338551e-01,  4.85113650e-01,  2.48433463e-01,
         7.88734014e-01, -9.21827356e-01, -1.50975062e+00],
       [ 1.47724372e+00,  1.82623927e-01,  7.48585317e-01,
        -1.21512126e-01,  7.72734410e-01,  1.25385860e+00,
         1.34602779e+00, -2.48327201e-01, -3.76361611e-01],
       [ 4.28281824e-01,  1.68241352e-01,  3.01812832e-01,
        -8.92714612e-01, -2.39484800e+00,  3.47630297e-01,
         3.63288325e-01,  6.92834325e-01,  1.80775899e+00],
       [ 8.57422823e-01, -3.87605579e-01,  9.92970708e-01,
        -9.67878081e-02,  1.25400426e+00,  2.69544836e-01,
         4.54548284e-01,  2.20424737e-01,  6.40831520e-02],
       [-1.48116874e+00,  1.79363185e-01, -2.53428791e+00,
         1.44365491e-01,  6.46200766e-01,  2.03192806e+00,
         6.23319553e-01, -7.18481821e-01, -1.53238012e+00],
       [ 1.94724195e+00, -1.39662886e+00,  8.13558807e-01,
        -2.34791011e+00, -1.54810573e-02,  7.13759199e-01,
         3.82489227e-01, -2.43602508e-02, -8.46562323e-01],
       [-1.09621783e+00,  1.12895499e+00,  4.62707943e-01,
         7.65156433e-02, -2.93961123e-01, -1.00730310e+00,
         9.42969874e-01,  1.13079554e+00, -8.12942238e-01],
       [ 2.41834874e-02,  9.69718952e-01, -7.27470883e-01,
         2.15168129e+00,  1.58054317e+00, -3.35927597e-01,
         8.78900492e-01,  1.52283796e+00, -1.35854125e+00],
       [ 6.76384641e-01, -1.57551750e-01, -2.23692029e-01,
         1.00992949e+00, -6.23655049e-01, -1.36692032e+00,
        -1.39011682e+00,  1.06728228e-01,  6.08921262e-01],
       [-1.87939410e-02, -1.56577457e-01,  5.20823303e-01,
         1.34247967e+00,  5.92252869e-01, -6.30084860e-01,
        -1.46666790e-01,  1.09346091e+00, -5.47040341e-01],
       [-2.10904493e-01, -9.59275270e-02, -9.22969970e-01,
         1.38071086e+00, -2.00687994e+00,  1.43837543e+00,
        -9.24190310e-01, -1.36940464e+00,  3.49056895e-01],
       [-1.60293171e+00,  5.95460989e-01,  6.09955544e-01,
        -6.47472113e-01, -3.01597251e-01,  1.16593397e+00,
        -7.36029755e-01,  2.60170103e-01,  4.41291160e-01],
       [ 1.55813208e+00, -4.93392931e-01, -5.01169874e-03,
         1.09345677e+00, -2.59114576e+00, -2.96387138e-01,
        -1.91079575e+00, -1.83447282e+00,  1.95126131e+00],
       [ 5.24146125e-02,  1.47786925e+00, -3.72142873e-01,
         6.32958073e-01, -5.99367956e-01, -7.27271917e-01,
        -5.31357659e-01,  2.05765920e-02,  1.46572714e+00],
       [-2.16861882e-01,  3.79872746e-01, -1.62746367e-01,
         3.81525529e-01, -1.20367572e+00,  1.17555256e+00,
        -6.50468687e-01, -4.03038235e-02, -1.69955809e-01]]), array([[ 1.06125176e+00,  5.66552873e-01, -3.43157439e-02,
        -4.56680228e-02,  2.42388877e-01,  7.87018248e-01,
         4.80884216e-01,  1.45787369e+00,  1.89963170e+00,
         9.77871122e-01, -1.28970465e+00,  1.93088661e+00,
         2.65191810e+00, -4.10189149e-01, -2.77395508e-01,
        -2.04552585e+00,  6.32393554e-01, -1.05623512e+00,
         1.64244820e+00, -2.30760163e+00, -8.79607264e-02,
         5.63933897e-01, -6.09120852e-01, -7.38134552e-01,
         2.22547752e-01, -7.34547157e-01, -3.80812448e-01,
        -1.10069453e-01, -5.53086066e-01, -2.27168959e-01,
         7.84088790e-01, -3.50181959e-01,  1.37351810e-01,
        -7.98025915e-01,  1.08141643e+00, -1.28226775e+00,
         9.66296730e-01, -3.09489046e+00, -8.33347270e-01,
        -1.73931471e+00,  1.05076745e+00,  1.58846774e-01,
        -1.35284039e+00, -7.87596365e-01,  1.26496256e+00,
         1.82582536e-01,  5.36848268e-01, -1.42109124e+00,
        -1.63024581e+00,  6.34235792e-01,  2.12781516e+00,
        -4.85309225e-01,  4.74007651e-01, -1.03296963e+00,
         1.08157515e+00, -4.49714789e-01, -5.54156264e-01,
        -2.10490705e+00, -2.88045945e-01,  1.16963651e-01,
         1.59477823e+00, -1.21816507e+00,  8.24067796e-01,
        -2.22696582e-01, -3.96684272e-01, -9.58953015e-01,
        -1.72765734e+00, -1.19194341e+00,  1.60767069e+00,
        -1.37243461e+00, -6.05218802e-01,  1.04888299e+00,
        -2.12917847e+00,  3.87783321e-01, -5.05546105e-01,
        -1.69354758e-01,  7.72401726e-01, -2.93528482e-01,
        -3.29529932e-01,  6.03423979e-01,  5.85802285e-01,
        -1.09035976e+00,  4.81435097e-02, -1.42850705e+00,
         1.30262188e+00, -1.40990263e+00,  8.07717324e-02,
         2.01172185e+00,  7.03651271e-01, -5.22397766e-01,
        -8.32751202e-01, -7.42096888e-01,  6.42796973e-01,
         3.35251893e-01, -2.82560270e-01,  2.65120950e+00,
        -8.55006319e-01, -5.32800801e-01, -4.29571076e-01,
         1.94586541e-01],
       [ 2.17960733e-01, -3.05165736e-01,  6.46169629e-01,
         5.04049886e-01, -3.39234236e-01, -2.48899369e+00,
         7.52714008e-01, -1.04934439e+00, -7.55639852e-01,
        -2.53372087e-01, -1.29759385e+00, -9.20879006e-01,
        -5.10008235e-02, -4.76393129e-01,  2.38731583e-01,
        -9.98246823e-01, -3.75118713e-01, -1.18351393e+00,
        -3.74534281e-01,  1.96936244e-01, -3.87159187e-01,
        -1.52347709e+00, -3.07012430e-01,  4.37414638e-02,
         1.04356466e+00, -1.29266688e-01, -5.21648332e-01,
        -1.25816769e+00,  1.90489510e+00, -1.03477371e+00,
        -1.27079291e+00, -2.36794078e-01, -1.91208285e+00,
         9.31023762e-01,  9.98984821e-02,  3.50189720e-01,
        -1.11094984e+00, -5.89302759e-01,  7.78842997e-01,
         7.69025753e-01,  2.70284156e+00,  1.02387504e+00,
        -1.96617394e+00,  1.79672487e-02, -4.89632486e-01,
         9.85586253e-01, -2.11631782e-01,  3.70253715e-01,
        -4.38512389e-01,  4.90010736e-01,  1.37586776e+00,
        -7.29928481e-01, -2.14123115e+00, -1.14676731e+00,
         1.44720174e+00,  1.08490308e-01, -3.65296999e-01,
        -1.01864484e+00,  9.37786987e-01,  1.76147619e-01,
        -2.25531358e-01, -6.52951125e-01, -2.08475807e-01,
        -3.73158752e-01,  4.68694853e-01,  1.16379466e+00,
        -2.05414420e+00, -1.50510092e+00, -1.56318987e-01,
        -2.87566752e-02, -1.60438376e+00, -6.74353733e-01,
        -4.56972787e-01, -5.46148197e-01, -5.19074850e-01,
        -1.85198451e-01,  8.29238974e-01,  6.85641393e-01,
         4.88998437e-01,  1.63287818e-01, -7.70395034e-01,
        -5.95771767e-01,  5.82169364e-01,  3.17073578e-03,
         6.87325699e-01,  1.53479448e-01, -5.09917541e-02,
         3.29337155e-01, -1.64964096e+00, -2.70329778e-01,
        -6.99870733e-01,  7.88525632e-01, -7.64629486e-01,
         1.78540438e-01, -4.85432705e-01,  3.60176237e-01,
         6.03991370e-01, -2.68945926e-01,  3.85397600e-02,
         5.67140041e-02],
       [ 7.00140164e-01, -3.91538593e-01, -4.04214831e-02,
        -5.05092903e-01, -1.06796009e+00,  1.06393362e-01,
         3.58295187e-01, -8.78634914e-01,  1.49608845e+00,
        -7.95465010e-01,  6.76635912e-01,  2.91499329e-01,
        -1.75825751e+00, -1.15473656e-01, -1.64938573e+00,
        -1.82524031e-01,  5.76802986e-01,  1.75724670e+00,
         6.79053013e-01, -1.60646429e+00, -4.41988931e-01,
         1.41721721e+00,  9.62784547e-02,  1.69400385e+00,
        -8.06786486e-01, -6.43732353e-01, -1.42720173e+00,
        -4.78454854e-01,  1.17901543e+00, -1.01003795e+00,
         7.41011296e-01,  3.76250048e-01,  7.16399981e-01,
        -3.46924421e-01, -5.78552268e-02,  2.03716708e+00,
        -1.34383771e+00,  6.65732943e-01,  1.44103744e+00,
         3.68882868e-01,  1.59313087e+00, -3.05959543e+00,
        -3.75918920e-01, -1.25679146e+00, -5.19195921e-01,
        -1.77560308e-01,  3.79783913e-01, -9.44314083e-01,
         7.97011542e-01, -1.68424728e+00,  8.48810437e-01,
        -3.53806395e-01, -1.89607317e+00, -1.89307222e+00,
        -1.91124151e+00, -1.10966459e+00, -3.40682819e-03,
         1.18415771e+00,  6.83426319e-01, -1.45935017e+00,
        -2.40150467e+00, -4.48438507e-01, -1.55172515e+00,
        -3.00833158e-01, -8.38811891e-01,  2.43605774e+00,
        -1.84520245e+00,  1.95598360e-01,  1.72741603e+00,
        -5.41469395e-01, -9.18427687e-01,  1.54835039e+00,
        -2.24930672e+00, -1.85695875e+00, -1.36950204e+00,
         2.71504802e-01,  6.37068068e-01, -2.84105283e-01,
         2.03570491e+00, -3.60038686e-01, -1.37186136e-01,
        -4.43650123e-01,  1.10936141e+00, -1.26087553e-01,
        -5.31348512e-01,  1.54456289e+00,  1.16849925e+00,
         9.19487029e-01, -1.39591182e+00, -1.20357460e+00,
        -3.25157449e-01, -3.72511799e-01, -5.54267416e-01,
        -3.17403104e-01,  5.38103713e-01, -1.11789305e+00,
         1.81257955e-01, -4.82244575e-01, -5.64109277e-01,
        -3.64123527e-01],
       [ 7.65933976e-01,  2.04681316e-01, -8.32903767e-01,
         2.26510025e-01,  1.06525807e-01,  3.63821862e-01,
        -3.57316837e-01,  1.02576457e+00,  4.48011289e-01,
        -1.11518975e+00, -1.34428550e+00, -1.32623059e+00,
         4.00232919e-01, -6.90493804e-01, -3.61635456e-01,
        -1.55560524e-01,  1.22059388e+00,  2.26037518e+00,
        -2.01757114e-01,  1.98298383e+00,  5.70949587e-01,
         1.34061016e+00, -2.29905221e-01, -1.18935170e+00,
         3.50055408e-01,  1.17450024e+00, -1.62084869e+00,
        -2.05697518e-02,  2.27079194e-01,  5.94763578e-01,
        -1.02263932e+00, -5.86512307e-01,  9.97653258e-01,
         1.95502001e+00,  1.26968414e-01,  9.49030092e-01,
         2.39229795e-01,  3.25444151e-01, -3.99740789e-01,
        -1.93617360e-01, -6.00004673e-01,  2.22850345e-01,
         1.11475806e+00,  1.27141330e-01,  7.23798882e-01,
        -5.30715407e-01,  8.08688364e-01, -3.14871097e+00,
        -1.46770402e+00, -2.79611649e-01, -1.83837820e+00,
         6.37344500e-01,  1.92364582e-01, -8.70188079e-01,
         1.31677858e-01, -1.59816795e+00, -8.08099146e-01,
        -4.66610369e-01, -1.60987628e+00,  1.03010473e+00,
        -5.85007460e-01,  9.33377260e-01, -2.39671732e-01,
         3.21003884e-01, -9.81576054e-01, -2.37951790e-01,
        -4.67718474e-01,  2.51420501e-01,  1.28984818e+00,
        -6.06490994e-01, -2.14570541e-01,  3.76964039e-01,
         8.35118675e-01, -1.31613382e-01, -3.80061219e-01,
        -5.76871710e-01,  3.71404589e-02,  2.52442765e-01,
        -6.65399123e-01, -2.62891992e-01,  7.53878785e-01,
        -3.68858896e-03, -5.33065028e-01,  7.72228342e-01,
         8.25941796e-01,  6.27263878e-01,  6.99844583e-01,
        -2.45135943e-01,  2.35487366e-01,  3.35850792e-01,
         1.47770864e-01, -1.65182180e+00,  1.40460569e-02,
         3.33938275e-01,  4.53684790e-01, -3.53292950e-01,
        -3.19934556e-03, -1.87628563e+00, -1.52634103e+00,
        -3.06158317e+00],
       [-1.75259172e-01,  1.52936671e+00,  1.55030723e+00,
        -1.31551160e+00,  4.43609006e-01,  1.25635969e+00,
        -4.25832337e-01, -1.80506154e+00,  1.60648530e+00,
        -1.05615266e-01, -5.36164912e-01,  1.89802788e+00,
         5.45482727e-01,  6.63755134e-01,  1.70696483e+00,
        -1.76501729e-01, -1.01685523e+00,  6.93232017e-01,
        -5.17989966e-01,  6.21913075e-01,  3.30465295e-01,
        -7.44419253e-01,  1.51874376e-01, -2.13940567e-01,
        -5.96328470e-01, -3.66613920e-01,  2.04357731e-01,
         4.24332462e-02, -1.21542741e+00,  6.71261963e-01,
        -1.45595191e+00,  2.00075033e+00, -8.09357201e-01,
         1.78735031e-02,  1.45142240e+00, -4.71518106e-01,
        -1.32013031e+00, -1.83657250e+00,  3.09880910e-01,
         4.57008361e-01,  8.23405691e-01,  3.76046219e-01,
        -5.71933591e-01,  3.09171348e-01,  1.44485088e+00,
        -5.30096403e-01,  3.64863246e+00, -2.65797912e-01,
         1.16848523e+00,  1.86840277e+00,  7.29594129e-01,
         4.09753833e-01,  5.93091096e-01,  1.41035785e+00,
        -2.68324331e+00,  3.61473190e-01, -3.86142280e-01,
        -1.19892184e+00,  3.54012061e-01,  1.08417230e-01,
         6.54751971e-01, -8.75898981e-01,  8.40715740e-01,
        -2.11920570e+00, -1.19270060e+00, -1.21826812e+00,
         5.60984031e-02, -5.17324871e-01,  3.82238982e-01,
        -8.19172597e-01,  1.13663204e+00,  7.93378872e-01,
        -6.81335776e-01, -1.70094079e+00, -1.17265396e+00,
        -1.69749606e+00,  1.26469852e+00,  5.47024539e-01,
        -1.47857998e+00,  1.82772208e+00, -3.95918464e-01,
        -2.35614270e+00,  1.30643542e+00,  1.44181691e+00,
         8.69712202e-02, -1.07300065e+00,  1.05200221e+00,
        -2.25402470e-01, -2.01377555e-01,  5.06692403e-01,
         2.53351125e-01, -5.06848094e-01, -1.19581595e+00,
         6.28301326e-01, -2.47558967e+00,  1.90245886e-01,
         2.00945294e-01,  3.04244035e-01, -4.88313082e-01,
         4.67460567e-02],
       [ 9.46107669e-01, -1.06826322e+00, -2.97937094e-02,
         2.08767209e-01, -1.44632398e+00, -9.33660571e-01,
         1.47586335e+00,  1.15662226e+00, -4.80557559e-01,
         1.14431090e+00,  3.49273496e-01,  1.80802110e+00,
         1.39710339e+00, -2.49413567e+00, -1.93469142e-01,
         1.39169390e+00,  1.70082518e+00, -5.59313553e-01,
        -1.58168037e+00,  1.62897112e-01, -7.93612731e-01,
        -9.99693737e-03, -1.10753160e+00,  8.97282904e-01,
         3.48508714e-01,  1.43359293e-01, -1.28034199e+00,
        -1.72859240e+00, -1.25720723e+00,  5.00502096e-01,
        -1.84412040e+00,  4.23817111e-01,  1.75779915e+00,
        -5.98539627e-01, -8.71296090e-02,  7.78286106e-01,
         9.02551651e-01, -7.84357580e-01, -1.44089079e-01,
         1.68995638e-01, -2.46081343e-01,  6.62218524e-01,
         2.69056667e-01,  1.02395903e+00, -1.82573567e+00,
         1.39061310e+00,  9.11394206e-01, -7.72374390e-02,
         2.22842801e-01,  1.08153961e+00,  1.64800414e-01,
        -8.56439178e-02,  2.86612819e-01, -6.16904847e-01,
        -1.32912928e+00, -9.27503135e-01, -7.47725655e-01,
        -1.80901961e-01,  1.00382558e+00,  3.31839693e-01,
         1.53336322e+00, -2.57328443e-01, -8.90196854e-01,
        -6.54177687e-01, -1.04831008e+00, -2.39442840e-01,
         1.22186117e+00, -1.44883679e+00,  5.10395782e-01,
        -9.07272993e-02,  5.82388912e-01, -4.79135596e-01,
         6.25796663e-01, -4.44200642e-01,  7.07935761e-01,
        -2.12437508e+00,  5.10239587e-01,  6.05958211e-01,
        -1.63437686e+00,  9.96135714e-01, -1.22865877e+00,
         9.46056104e-01,  3.07102708e-01,  9.48744230e-01,
         7.63276021e-01, -1.27189461e+00,  1.53674352e+00,
         1.45671379e+00, -1.02774365e+00,  7.58765809e-01,
         5.17781140e-01, -6.28594040e-01, -1.00260613e+00,
         1.30325681e+00, -4.26126067e-01,  9.85280529e-01,
         1.90932188e+00,  4.34335119e-01, -8.41191442e-01,
         9.55724189e-01],
       [-1.24932331e+00, -8.43350976e-01,  3.02084232e+00,
        -7.33622948e-01,  3.21238813e-01, -9.87957920e-01,
        -1.07574205e-01,  2.66081017e-01, -2.55564173e+00,
        -4.56501231e-01,  7.27590475e-01,  9.56357853e-01,
         4.95075991e-01, -8.61139706e-01,  4.90607128e-01,
        -4.44898877e-01, -7.66923563e-01,  1.09879993e-01,
         2.33668760e+00, -7.64740792e-01,  1.16199651e+00,
         4.63703984e-01, -1.42032220e+00, -8.48488378e-01,
        -1.70881798e-01, -4.82406548e-01,  3.81326893e-01,
        -9.15046788e-01, -9.50777397e-01,  1.06890386e+00,
         9.11476681e-02, -7.45423410e-01,  1.13750317e-01,
         2.01668952e+00, -5.24316740e-01, -1.41632109e+00,
         1.03503661e+00,  1.91190775e+00,  1.27160566e+00,
        -1.27060792e+00, -1.94693567e+00,  1.36923338e+00,
        -7.26418026e-02,  5.42825035e-01, -1.00661250e-01,
         1.89871182e+00,  1.85587750e-01, -2.79550691e-01,
         2.15368617e-01, -1.14988459e+00,  2.67951572e-01,
         5.36477242e-02, -2.10508583e+00, -1.14110445e+00,
        -1.18320321e+00, -1.65361789e+00,  4.53433024e-01,
         1.09319682e+00,  3.38803051e-01, -1.49639224e+00,
        -1.71690784e+00,  7.21794918e-01, -3.60105129e-01,
        -9.75049245e-02, -1.32701788e+00, -2.01024871e+00,
         2.23269381e+00, -5.72885614e-01, -3.03832624e-01,
        -1.15068705e+00,  1.43712162e+00, -3.67770029e-01,
        -1.89122989e-01,  2.16030196e-02, -3.05935568e-02,
         1.48451433e+00, -1.85406713e+00,  6.63027977e-01,
        -6.29526113e-01, -4.66982847e-01, -7.25469070e-01,
         3.84297238e-01, -1.31158656e+00, -6.01094494e-01,
         6.25508809e-01, -6.57501219e-01, -4.96848397e-01,
         5.30671909e-01,  6.92752259e-02, -4.27245235e-01,
         6.26336827e-02, -8.48323170e-01,  7.93898689e-01,
        -1.15327318e+00, -1.67204311e+00,  3.51652485e-01,
        -1.27824248e+00, -1.10801731e+00, -2.83109995e-01,
         6.13323566e-01],
       [-5.43627069e-01, -4.92053114e-01, -4.96413954e-01,
         3.19129553e-01, -5.89505398e-01,  1.83319255e-01,
         1.30234133e+00, -2.94562747e-01, -4.40288550e-01,
        -9.86797759e-01, -8.22185081e-01, -1.30787797e+00,
        -1.15801569e+00, -6.65077961e-01,  2.69046205e-01,
         4.16053434e-01, -5.03579205e-01,  2.32305219e-01,
        -1.38614979e+00,  1.98810673e+00,  2.38048927e+00,
        -2.07397791e-01,  4.31072465e-01,  2.97461829e-02,
         7.09506016e-01, -7.01238641e-01, -1.60056994e+00,
         7.18044565e-01, -1.15918859e+00,  2.80704927e-01,
        -1.00868905e+00, -8.54259484e-01,  9.01701055e-01,
         1.52105130e+00, -2.23646149e-01, -5.11497741e-01,
         2.11107348e-01, -6.16304191e-01, -1.79781049e+00,
        -9.37289726e-02, -2.29982852e+00,  3.40795488e-01,
        -5.72756234e-01,  1.19537936e-01, -1.55721647e+00,
        -8.25810496e-01,  4.77949038e-01,  1.29219963e+00,
         7.60047050e-01,  2.95367650e-01, -1.20127765e+00,
         4.82068120e-01,  5.03659265e-02, -3.92865428e-01,
         1.21302772e+00, -8.40312336e-01,  1.66657576e+00,
        -7.34517649e-01, -7.44991715e-01, -1.71738082e-01,
        -1.39730832e+00, -5.60172064e-01,  6.08491254e-03,
        -1.76706752e+00, -9.13088211e-01, -1.48005632e+00,
        -5.24668965e-01,  1.06257552e+00, -5.08264626e-01,
        -2.61477712e-01,  1.50048727e-01, -1.18385537e+00,
         1.54964516e-01, -5.93572039e-01, -7.20886511e-01,
        -1.79533248e+00, -7.06351206e-01,  9.39037989e-01,
         1.11316721e+00, -3.73520314e-01, -5.00591454e-03,
        -5.01580593e-01, -1.17270553e+00, -1.87474332e+00,
         1.61163215e+00, -1.08016742e+00,  1.23096995e-01,
         1.47250797e+00, -4.65734936e-01, -2.34435511e-01,
         2.00992034e-01, -4.30613347e-01,  1.77934733e-01,
        -3.87226812e-01,  1.06741326e+00,  4.38196756e-01,
        -1.22023214e+00, -1.36886389e+00, -6.78518482e-01,
        -6.44169796e-01],
       [-7.51306220e-01,  8.91191485e-01, -7.68562823e-01,
        -4.38433722e-01,  1.08616284e-01, -2.01021302e+00,
         4.10894633e-01,  5.05479120e-01,  1.31125454e+00,
        -1.05506282e+00, -4.98775767e-01,  1.91659525e-01,
        -4.47235992e-01, -1.49256990e+00,  8.82770010e-01,
        -3.53209530e-01,  3.29530384e-01, -1.10629072e+00,
         1.02006486e+00, -3.73624348e-01, -7.40949515e-01,
         8.19265561e-01,  1.10540275e+00, -9.70455443e-01,
         9.75303985e-01,  1.59381584e+00,  2.43704637e-01,
        -1.42221362e+00,  5.62249154e-01,  1.06497075e+00,
        -9.93010136e-01,  1.65988978e+00, -2.38187003e-01,
        -9.48674974e-02,  1.08101805e+00,  2.33880478e-01,
         1.22610592e+00,  1.56324520e-02,  3.87939141e-01,
         4.53800315e-02,  1.95777154e-01,  5.91389676e-01,
         4.44683662e-01, -2.96772969e-01,  9.69508668e-01,
        -1.24787430e-01,  1.18177347e+00,  6.04180192e-01,
        -1.32487767e-01, -7.24216512e-01,  9.21001980e-02,
         1.36907154e+00,  2.04995795e-01,  9.74321680e-01,
        -9.71545025e-02, -3.62554260e-01, -6.63369249e-01,
        -1.86623216e+00,  2.44470392e-01,  6.15018205e-02,
        -1.36720847e-01,  8.14264417e-01, -9.99996292e-01,
         1.68482919e+00, -1.43545714e+00,  2.24956016e-01,
        -1.25718620e+00, -2.80772633e-01,  1.09556194e+00,
        -1.53528697e+00,  1.63366460e-01,  8.77629758e-02,
         1.52607555e-01,  2.42305446e-01,  7.90092662e-01,
         4.54680484e-01,  3.25639471e-01,  9.43597292e-01,
         6.43300858e-01, -1.53059545e-01, -1.27423752e+00,
         8.14670865e-01, -4.07438413e-01,  1.62190310e+00,
        -5.59758493e-01, -1.21393071e+00,  1.09780085e+00,
        -8.03676154e-01, -1.52896705e+00,  1.16012868e+00,
        -1.52882814e+00,  1.31570844e+00, -9.81253274e-01,
         3.93572694e-01,  2.21813637e-01, -1.82333510e+00,
        -4.66004807e-02, -4.29972059e-01,  9.42722703e-02,
         5.07791064e-01],
       [ 1.85278132e+00, -2.73837381e-01,  3.11296166e-02,
         2.05241018e+00,  7.26991467e-01,  7.73339347e-01,
        -1.59054298e+00, -1.30492073e+00, -2.40769791e-01,
         2.44408158e-01,  3.79170381e-01,  2.97363103e+00,
        -1.17484805e+00, -2.64410915e-01,  7.77516093e-01,
         2.38417200e-01,  1.19873437e+00, -6.90430421e-02,
        -1.05304552e+00,  2.12769128e+00,  6.16869927e-01,
        -9.98347303e-01, -1.91130595e-01,  3.96088974e-03,
        -1.66163403e+00,  4.87542950e-01,  1.58001945e-01,
        -2.74116311e-01, -6.62934089e-01,  1.61702012e+00,
         5.55560275e-02, -8.45832378e-01, -1.87056468e+00,
        -8.20945472e-01,  8.63589662e-01,  1.60676418e+00,
        -1.02539163e+00, -2.18520234e+00,  2.75133744e-02,
         7.84822624e-02,  1.03777747e+00, -5.40050139e-01,
         2.18650101e-01, -2.14642697e+00, -1.10547122e+00,
        -2.88288986e-01, -1.67083994e-01,  5.52259170e-01,
         1.25015199e+00, -1.10677152e+00,  1.76471843e+00,
        -6.02181959e-01, -3.87926543e-01,  1.22110862e+00,
        -2.33633484e+00, -1.49564298e+00, -6.36628919e-01,
        -5.90652097e-02,  1.36760051e+00,  1.07847761e+00,
        -5.50414756e-01,  7.11776925e-01, -5.84593058e-01,
         1.52271043e+00, -2.20726345e-01,  1.28654591e+00,
        -1.01921296e+00,  7.89551410e-01, -1.45337583e+00,
         1.07240199e-01, -1.74436684e+00, -6.70387686e-02,
        -8.44094571e-01, -9.11033288e-01,  2.19457623e-01,
         8.09085149e-01,  6.18377031e-02,  2.53475656e-01,
         8.50022784e-01,  1.36507926e+00,  9.98394040e-01,
         4.49937864e-01,  2.21344669e+00, -2.09173362e-01,
         1.15197327e+00, -1.13923608e+00,  2.53208437e+00,
        -2.37862006e-03,  2.98858242e-01,  1.54939162e+00,
        -1.20292109e-01, -6.11919470e-01, -1.76802688e+00,
        -3.19799964e-01,  2.02726259e+00,  5.95435556e-02,
         1.77364018e+00,  6.33508994e-01, -5.95779180e-01,
        -1.54630429e+00]]), array([[-5.31274512,  0.47052348, -0.02288911, -0.63624988, -5.02107484,
        -5.95419343, -2.09734123, -0.29169297,  0.56865638, -4.73076054]])], [array([[ 0.23962337],
       [-0.42341725],
       [-0.53629127],
       [-1.48194905],
       [ 0.95368657],
       [-1.06738136],
       [-1.22184848],
       [-0.19200023],
       [ 1.45450523],
       [ 0.33129984],
       [-1.12524536],
       [-0.63453891],
       [ 0.76976913],
       [-0.16089137],
       [-0.74380698],
       [-0.28274748],
       [ 0.78659996],
       [ 1.91810464],
       [-1.1934184 ],
       [-0.74279664],
       [-0.85683949],
       [-2.45190514],
       [-0.9726755 ],
       [-1.04077085],
       [ 1.09618732],
       [-0.17423441],
       [-1.68990278],
       [ 0.66173013],
       [-0.40487704],
       [-1.74475699],
       [-0.57913464],
       [-0.64071284],
       [-0.85565309],
       [-0.03786504],
       [-2.22228387],
       [-0.28287785],
       [ 1.01186491],
       [ 0.94210389],
       [ 1.01375917],
       [ 1.11001484],
       [ 1.5451689 ],
       [-1.18573598],
       [ 0.80787331],
       [-1.96468497],
       [-0.61816214],
       [-2.03263224],
       [ 1.06806721],
       [ 1.25499661],
       [-0.15091924],
       [ 1.74571999],
       [-0.59338387],
       [ 0.14111974],
       [ 0.21952337],
       [-1.07252827],
       [ 0.42080555],
       [ 2.01416497],
       [-1.06243551],
       [ 0.88611163],
       [-0.12568713],
       [ 1.89073532],
       [ 0.4141589 ],
       [ 0.69745314],
       [ 0.64955421],
       [ 0.26580062],
       [-1.37987314],
       [ 1.40215955],
       [-1.33954651],
       [ 0.19334082],
       [ 0.69627572],
       [-0.87086653],
       [ 0.02037481],
       [ 1.18243267],
       [-0.1448655 ],
       [-0.94689709],
       [-2.9453559 ],
       [-0.98174146],
       [-0.55564573],
       [-0.52460739],
       [-1.0160636 ],
       [ 0.39130255],
       [-0.58265797],
       [-0.01620735],
       [ 0.83712064],
       [-0.88525836],
       [-0.22589164],
       [ 2.28364601],
       [ 0.88738273],
       [-1.39013074],
       [-0.07400193],
       [ 0.52396481],
       [ 1.2211822 ],
       [ 0.10913371],
       [-0.50712109],
       [-0.71425342],
       [ 0.74675552],
       [ 0.51266662],
       [-0.57435355],
       [-0.20084752],
       [-0.53092848],
       [ 0.7758048 ]]), array([[-0.7356586 ],
       [ 0.42788542],
       [ 0.83739952],
       [ 0.51921356],
       [-1.01841727],
       [ 1.27968356],
       [-0.66715822],
       [ 0.40839256],
       [-0.78066931],
       [-1.58392035]]), array([[-4.11541759]])])